1701065700375 1.2549628803700756 0
1701068202746 1.0641500777993464 1
1701070680410 0.9444978720297111 2
1701072961770 0.8501569451364271 3
1701075271471 0.76940042269559 4
1701077677246 0.727199219441487 5
1701080042070 0.6761736503682254 6
1701082453762 0.6518913240520501 7
1701084915184 0.6217529949235039 8
1701087339740 0.6046335154835798 9
1701089691970 0.5782267340213243 10
1701092014146 0.5688849621755214 11
1701094349515 0.5581485431618486 12
1701096696360 0.5364283465443214 13
1701099050310 0.5268828601010738 14
1701101438978 0.524712436746783 15
1701103965922 0.5101839101022007 16
1701106575670 0.501492285609611 17
1701109253693 0.5013737367248974 18
1701111713123 0.48577865354853905 19
