1701151644024 0.9670850944025385 0
1701154174788 0.9661000118665168 1
1701156613323 0.8582403265351167 2
1701158913081 0.7796429471095647 3
1701161243667 0.7235209659381878 4
1701163665073 0.6872980557153562 5
1701166055763 0.5607305668477266 6
1701168456415 0.5190172155210577 7
1701170856843 0.4965807824549865 8
1701173247409 0.48776500276718404 9
1701175628894 0.46235043468650866 10
1701177981756 0.46708451115463406 11
1701180351424 0.46246708394742453 12
1701182726547 0.4582727596026622 13
1701185114253 0.45933190493221665 14
