1700960150889 1.1621139977170134 0
1700962764569 1.0852219162316157 1
1700965451201 1.0437633121150665 2
1700968147992 1.0227125226766214 3
1700970874939 1.0052983774535957 4
1700973566155 0.9956352401053769 5
1700976122670 0.9838531172138522 6
1700978696211 0.9767482680835943 7
1700981365208 0.9605627077749406 8
1700984006320 0.9552259287614931 9
1700986560969 0.9486755669802085 10
1700989101582 0.9397010955317268 11
1700991653273 0.937672618613846 12
1700994210126 0.9332273840904236 13
1700996831165 0.9390124673130869 14
1700999435242 0.9282713409127861 15
1701002049558 0.9193192002417028 16
1701004627578 0.9168219529349229 17
1701007171720 0.91485616585304 18
1701009679299 0.9111131139185237 19
