1701019667363 1.0205188761093864 0
1701022278254 0.9331984189938913 1
1701024980199 0.8999905306960176 2
1701027667397 0.8869497500634267 3
1701030370902 0.8748430905212288 4
1701033062399 0.8580964221361956 5
1701035634078 0.8528197302820126 6
1701038208227 0.8435854499508266 7
1701040825061 0.8319900371819917 8
1701043514629 0.8273805796277304 9
1701046309128 0.8217600076202235 10
1701048976989 0.8145491527450597 11
1701051606454 0.8055718162674114 12
1701054323232 0.797834955978613 13
1701057150122 0.8040646002427932 14
