1700874807643 0.860533443788078 0
1700875789687 0.767162661702355 1
1700876753374 0.7390657477766458 2
1700877714992 0.7243133049252575 3
1700878690214 0.7036100962410675 4
1700879662156 0.6888996383255245 5
1700880640277 0.6793904393180016 6
1700881619525 0.663340578141388 7
1700882600697 0.6512730783480076 8
1700883580204 0.6337603164231119 9
1700884554909 0.6233565681185459 10
1700885535595 0.6103714208569995 11
1700886529089 0.6008277129313332 12
1700887514077 0.5909797254881245 13
1700888538883 0.5709283193744765 14
