1700856990264 0.7469748576954465 0
1700857705655 0.47166434122375184 1
1700858432073 0.40057659261157175 2
1700859153828 0.37153052218669763 3
1700859879109 0.3259235571132847 4
1700860647309 0.3044739879919159 5
1700861344618 0.2829524011242609 6
1700862067601 0.2677604328966671 7
1700862761112 0.2409752932794255 8
1700863466468 0.2183203013396702 9
1700864180675 0.20272808170597428 10
1700864870290 0.195527891051367 11
1700865547182 0.19163274202650082 12
1700866214191 0.16466222868438102 13
1700866891102 0.16122269180197657 14
1700867548454 0.15555406328250707 15
1700868210978 0.1314690919318722 16
