1701189261048 1.2556008559428842 0
1701191800385 1.0603134063489599 1
1701194342993 0.9392226087443668 2
1701196865897 0.8459448477059054 3
1701199381901 0.7687238785295398 4
1701202006342 0.7189766687392457 5
1701204622718 0.6748321005628884 6
1701207097595 0.6508710253640918 7
1701209492234 0.6211523269674529 8
1701211874121 0.6085298002406132 9
1701214248496 0.5809030111399165 10
1701216598749 0.5028780133354883 11
1701218956210 0.4735006303326484 12
1701221392334 0.46100176594282954 13
1701223787642 0.450733983672104 14
